2305
39411
7063
35898
34364
19145
1195
36203
44717
25608
10989
49814
30458
32718
12919
2941
48745
26565
40324
7596
28691
15777
28431
24316
9620
48001
23516
22059
11865
23298
33702
30522
29060
7116
32771
13423
26261
33965
49625
20977
9572
10614
20790
6381
9683
33708
9322
8427
26625
15997
32374
5315
31773
27156
45982
7744
25156
19498
46154
3372
9147
46207
245
38206
3323
33015
1628
45935
16979
17604
16911
42902
44569
4052
49283
4251
4112
24956
29029
47088
40952
27754
2402
39076
4909
14735
13172
46416
34232
9325
16140
9730
21884
16384
47935
25206
49399
15914
21140
32729
33518
4402
25631
28086
24805
41265
48689
45268
16220
44069
42355
23523
21823
11108
28950
43083
25843
42121
39499
10074
17798
5638
36156
39681
38373
34090
31238
37771
16356
18729
36852
16225
39482
12482
10662
14286
20098
9350
9554
36317
3419
1908
26191
41593
13016
5140
34675
5210
13613
40525
15283
47762
46162
17790
3794
34535
1880
1383
38657
34587
20111
25508
811
9592
4341
11472
40229
24438
37174
49782
27106
6944
18042
19648
48536
47409
24788
49562
2618
4752
40087
34252
18865
36248
2042
22658
37134
20273
24040
42143
21211
10502
34002
22021
36445
4695
49844
26673
29132
37017
42807
22590
10312
27200
42237
8847
40960
33376
8409
9929
4479
14847
44180
23343
17446
12573
46000
4580
49197
36391
13074
20407
13244
47075
8779
49688
1769
8623
26361
47253
11991
35519
36194
22303
12718
44782
47501
20029
28158
22261
29957
32636
37107
24136
22331
4553
3061
18330
25484
2257
21073
39016
34316
1983
47794
356
20104
22768
43068
17356
34759
28586
19901
23413
7655
14682
37265
27683
42839
9526
7639
41827
12984
48126
14157
33888
1186
48838
9371
19795
36262
14279
8810
36930
32614
22955
37285
2717
45723
30352
36424
46833
25289
6324
20245
32943
21005
7509
26977
30196
33386
967
38374
46370
49092
2530
46609
16630
17719
22332
3981
2962
11585
40910
35575
34539
44546
4643
46613
24897
41066
43445
16537
13741
30041
15831
1098
3902
31293
37287
43773
19666
8
9216
38547
46617
25845
6265
35300
28620
10245
38261
6556
17506
23836
7447
12051
44830
4059
3299
2248
13856
19835
15988
43896
35665
17085
47797
28471
14729
1436
38595
34394
17795
47811
39292
30763
40007
45557
16062
18627
22153
4323
25182
6011
44510
32628
18061
39339
3039
21360
41586
16894
7546
23926
27141
43211
41010
41290
38033
22091
42725
42980
22836
26871
40790
12128
23986
47148
24036
40047
15774
46188
10721
7308
2198
21582
6287
36611
10921
25677
24322
18858
42570
31867
42783
19711
41429
145
11000
29462
38587
20076
22441
11422
13298
29582
23549
37283
26729
13936
43682
8855
10124
32514
28673
42336
38800
31635
3256
14477
5956
38465
23398
37823
47600
9460
45603
14096
20459
25064
2682
6886
30455
20184
9789
20356
7466
2870
34291
1147
11724
44414
21901
10589
39439
14236
15740
33843
30216
43381
38659
19966
47555
36258
29425
43157
16705
16236
34573
19386
23121
48428
16193
9656
24569
36548
17122
27438
20838
34620
5513
31604
6520
16101
21042
31840
8466
20949
28408
1846
9608
48373
49400
12217
44149
8909
28922
10384
43481
14659
49857
8260
30851
9512
32828
17398
42985
10265
4588
27605
32129
36191
476
48229
23584
37583
46421
48401
24883
24828
16599
842
39552
15998
13059
33700
41258
8332
10436
34738
39342
10292
42998
36545
36155
25825
3942
29140
2442
24881
23096
922
27423
23571
49151
1006
27505
45571
15759
2388
36750
32357
19581
42653
14706
48991
26352
5964
23674
3139
40701
29782
33698
49560
15937
25875
19853
11428
44668
44734
34523
45589
22156
8093
11091
39514
1950
23013
5272
4337
9762
37628
40269
18766
2333
39260
45118
8296
12933
14608
15349
25948
44390
15398
41859
26678
41272
11712
38105
2291
22797
22627
47880
11304
47071
25322
817
49020
48335
22440
19708
24448
10067
9977
43214
28752
15588
4683
3399
28520
19290
18747
20820
30031
34145
29030
6708
41768
7093
44812
44059
29889
33790
8290
41193
30861
33611
8361
46232
48297
30801
15940
22745
7219
42268
32310
35970
7855
3344
39369
2726
22633
24467
39897
19016
8611
35279
25723
379
42371
36887
10789
22260
37028
19078
29804
34240
19040
4516
30472
17337
1668
12763
6433
8887
5030
5094
11208
29236
8437
16928
48313
47421
41395
4562
16436
5
39840
8511
16735
32210
45397
27523
20821
48776
46600
16976
33016
31992
21492
29839
49328
23159
42601
22112
48397
13982
27205
9605
9569
35641
26532
7881
33061
17926
28794
15849
34283
18633
24359
1017
17195
36107
28540
38015
34882
41491
21343
34249
23482
42834
14087
39161
32344
6687
27624
30741
37020
4828
40345
46588
6820
33228
6233
49614
38433
1788
34599
12791
2804
18145
48897
31343
6159
130
39186
43853
34379
12667
36686
14817
1828
35382
21504
45803
16122
24875
631
22818
21463
23802
22397
8635
46386
39902
8248
34818
41689
9198
47608
10845
27342
12856
8539
49853
29338
47724
43705
30068
10391
46743
44884
28570
32124
32739
24372
14597
7614
41354
3766
45428
31508
42514
4062
27893
32416
28661
12711
40456
37859
26670
1300
31552
5878
9839
31404
1567
7562
41461
31634
34304
4555
42869
29225
36678
41960
3597
17626
15925
11302
37743
11352
42809
30256
31765
37054
12671
10425
16116
19479
14635
42785
20778
12539
15014
46968
10294
16580
4530
1754
14565
5185
6308
23786
34410
9337
15745
4358
43314
48021
15659
31056
9372
24820
11312
7488
11873
40334
34264
27988
9812
15251
37124
46942
27789
2138
43909
38082
35069
14790
6188
15986
19975
28847
6123
4384
4536
38219
25093
47849
36239
40751
45257
45610
31922
6568
19449
43794
13253
3712
38133
39417
18962
25257
36358
46750
43746
46618
1184
45166
11408
7371
27503
31382
2569
33625
2117
7104
21843
27209
4953
8081
34311
209
20042
16233
23128
39490
26378
2732
30863
42148
28515
6119
44857
41617
16216
41475
42800
11381
2882
16522
38884
615
19090
38860
2731
26194
10703
46291
47498
35135
46953
47706
21529
29537
37185
11018
22267
39916
36923
3129
48416
15438
9247
43272
7054
41814
16205
19546
3979
32726
8429
20945
1815
13641
23675
44360
40695
41857
25829
33270
5914
47357
29158
43098
24727
1424
49366
11649
4552
14133
43438
30150
23756
491
21963
24854
16695
41509
45184
15772
16289
16129
33939
29929
6155
28298
20623
42472
20155
12804
42093
42420
26512
21250
1870
1238
22674
17587
29239
27225
31719
22676
23727
5474
39519
45689
46679
22565
3549
41863
38337
36190
7991
22275
32470
14145
16924
19445
6616
3430
32248
15060
45850
8759
36310
47719
26349
25335
15305
5587
18911
13375
44614
42637
35200
484
4678
31879
23049
24578
23741
27737
10767
48083
16363
43237
12227
33286
12681
35195
36716
11280
254
48917
36390
2915
46635
12738
28249
28291
34676
47160
8017
45642
39796
43216
46125
10825
25094
19173
35403
15186
13261
46169
13268
29623
5757
25495
29261
34789
27041
15976
46068
27294
14892
32458
46561
27878
11547
24809
22520
12575
21968
30536
8216
28116
40103
4340
38940
15197
39865
24342
46734
3125
36863
10002
49100
42619
1848
28360
27408
28888
44335
39827
22533
25578
22284
35445
19807
183
10254
42326
12757
48573
39213
37324
26688
29315
41663
31980
10863
31527
6321
7597
1004
43183
33950
103
2154
35797
28462
29561
31036
39148
19387
19920
14725
8023
5365
34531
24557
31970
43208
37313
30542
32420
24636
23582
11734
32650
5561
22597
30529
28233
46545
31532
37768
30494
47986
39921
16290
42799
19481
13677
31946
5219
49948
13022
29593
21664
13904
4149
3633
7111
34175
5882
32448
7756
33967
31450
29668
6563
11978
7900
19459
9861
45667
49952
7846
35587
32593
644
21419
12621
48941
42990
12569
11962
22582
25865
26731
37865
49327
34543
38391
21560
16991
46146
5526
48440
42165
28441
26769
64
47899
36629
45731
47851
10826
47669
46795
27821
35440
9416
26761
28429
21984
5074
1010
6215
47290
44092
10431
46616
28635
48821
34527
11977
11318
40052
26768
3482
18492
3536
19898
32743
6516
30593
17341
43739
45161
31439
3154
38273
26219
25137
43346
43581
47704
40635
37672
24486
3602
16306
39659
38128
44634
17328
44531
21401
37162
29375
24936
7059
12117
31451
39038
9061
15143
1389
2799
10303
5953
14927
25398
47441
24624
18978
11496
15258
6650
35982
35211
39307
25640
39690
33941
42967
573
21693
30128
29947
46629
3538
42063
44431
8927
17475
9574
10316
36228
43143
42577
1155
18540
40018
25778
3870
1513
7388
3846
8950
32529
29485
14992
32821
38804
15564
4514
35283
45510
1142
38821
3924
11924
47747
37750
21497
8062
8022
7725
17556
16951
25231
2448
6968
17360
22669
24832
24747
49539
28678
49
32067
24514
15040
14888
29669
30603
19401
14952
42464
36894
20124
12739
15169
17870
488
36666
42284
8509
10742
41811
2324
44990
15130
19683
17658
39962
10782
33548
34991
10830
15615
25856
25869
46854
5525
6471
32606
36828
15286
35851
6951
28024
1019
41172
28511
37684
49807
3371
14777
42350
45182
17100
37339
10311
36783
21349
16624
47564
4896
17966
8393
36862
43822
613
33715
15698
7083
16320
2525
38720
2170
25827
16743
3189
16998
45253
7224
16805
48623
22001
9154
10156
5452
12844
20467
42234
34192
3442
6149
5440
21408
30893
42301
31581
31505
26016
13630
4939
8687
32506
43658
10857
10400
30397
25329
22004
37620
8485
36979
25972
33990
47134
47776
13186
33952
6361
47377
3746
12510
19168
41505
43402
11469
23085
41259
37484
3066
46197
46170
35571
6207
23378
43902
32958
3774
35582
4962
7746
44067
8292
69
44408
21777
47844
7593
22081
4205
21322
25826
33066
40489
33682
42819
18309
23118
429
5792
26183
46626
18314
11753
19184
8043
5654
2141
28169
7587
7102
2266
18005
31745
2334
12413
3522
16530
36357
41954
37086
7678
34131
20151
14519
17812
29321
32827
40929
29750
4971
17111
42727
39636
28863
11910
47678
868
14050
25846
8454
37504
28111
26459
19248
46797
5223
39121
13326
41579
31074
16763
49257
15204
3265
30127
49367
32585
12953
40295
28686
17923
7405
21412
7558
2619
49673
5236
19838
13723
47433
44644
17578
41896
21102
36825
38692
42676
42298
18369
34254
39723
35131
49862
21279
38395
29988
20645
37331
42941
10940
16017
34696
3780
34773
3667
3453
40008
23504
33527
3792
18147
1104
45687
5600
4280
730
48275
46577
19098
2652
20580
32390
23930
25326
28730
44574
12657
21670
21865
45025
48884
6561
15156
33656
10227
18608
40015
82
2134
43807
18229
3237
5845
23828
7517
6575
22103
20445
42024
20983
12604
19724
13377
37929
48453
7951
16937
20122
46167
28313
19006
2727
43469
2661
29305
28428
9028
29387
30562
2834
13967
150
8678
37794
24018
15252
26248
10815
23628
47230
33910
36231
16954
47287
40511
31758
21589
23800
17755
2112
37237
36834
11932
6249
32490
40360
15276
28228
37273
18109
42194
37422
43139
46340
27792
24742
22587
38606
48369
36169
38867
19474
36153
41462
1231
24093
15261
19462
41848
33724
6698
45033
45656
12947
43874
36015
22102
23287
29035
14295
27060
22173
26986
21203
46914
9808
11635
2093
48675
46233
37918
1179
4046
5500
25272
19306
24962
33471
19382
48011
44855
15037
27309
38728
17403
21883
10829
40689
17269
41476
34100
39441
18461
5303
2706
34385
31462
14340
2829
46488
26925
7098
47667
30970
12598
39290
16628
3911
39112
36009
18273
33966
17397
45582
22693
34799
33816
49874
41839
1084
41349
25938
6876
26161
47592
9581
26898
29054
40273
29726
25541
17197
36824
39559
14518
15773
28848
31145
36035
17959
33505
4307
18276
17253
16240
7321
2051
16407
7194
43889
17490
14894
36179
40717
7406
122
298
34303
29175
6922
14029
21068
24118
17204
10626
4987
5826
36132
1714
23784
35988
6020
42060
3241
38612
15732
21643
5018
22925
31884
4170
34414
29576
11575
46225
45878
13710
3146
26258
1129
43615
9813
11754
48602
25492
17579
1085
7715
37072
49576
16126
6664
38187
31857
44659
43205
21133
42894
32064
25302
27307
27991
36876
11841
24216
49105
41902
43713
25362
43030
37328
1526
21136
35929
27017
5066
37013
4221
12780
40436
3797
13452
41983
43465
24462
1539
17355
49954
6250
44661
27945
43126
22853
18512
42230
14755
12224
33944
49551
35469
45271
1831
12486
16689
38843
33058
45820
45631
36854
41077
25434
45189
34541
49895
46727
15490
33601
13033
21739
28261
7329
31216
17465
25840
39798
48571
38063
22707
3966
25561
34329
5796
38046
10991
37456
46837
22973
24309
4265
48406
35849
5157
14652
48928
20646
48252
11960
8737
42864
19288
39952
10328
11479
29749
8899
49541
19841
31605
19858
45402
32285
25654
49799
33302
2996
37254
30138
25968
27915
34402
40725
13763
39558
5376
12690
26556
3627
41001
35292
12842
10288
41595
23169
21766
37696
48419
37659
7536
46375
7516
19289
28660
49521
11961
18868
39045
8450
44835
16959
9203
35559
47074
15112
7286
9763
8019
10912
764
9662
40105
27403
1257
13274
15521
38952
11692
3179
12839
8067
27046
32128
3078
42919
33919
31390
11786
22963
39839
6621
6274
15393
8531
3347
46856
15817
29461
4875
43080
30224
14536
33185
23979
15792
12810
21095
40853
9029
33934
48919
36074
32413
18348
45344
16331
49737
7130
5645
39575
30102
11918
21319
38632
15264
18175
20800
44725
30232
41300
3936
29768
31630
36080
21128
7174
33429
46508
7459
48700
48934
39871
17047
44277
22553
16784
1406
28198
22710
31507
40115
44029
36491
5379
12203
23642
16455
1603
3873
24106
5538
33640
5736
26216
43215
25997
22601
24696
38656
12472
41742
32932
35024
24877
690
13221
47587
48548
19688
41615
35038
25066
20169
25032
7872
21771
28904
31977
43660
28896
4064
1629
5111
47279
16771
47459
3353
39371
22154
42008
1842
30248
41291
3218
5124
41980
32790
2710
6880
2477
10676
8269
43894
30844
33300
1765
18966
12204
94
12626
41099
20509
14254
12561
17787
31024
10020
21139
20394
48525
29498
38588
45124
20789
8157
16600
29120
40946
19309
35999
9775
46337
44268
3668
27180
43919
21785
6122
38230
25123
13572
8738
39376
26133
26525
36751
2504
14015
7144
17380
43513
12083
12504
30653
20239
29103
26124
27537
14763
28475
37311
27451
22742
7330
4631
33012
29114
17128
39134
17343
42250
2705
26081
47977
18957
34727
14044
49323
8222
31424
9187
20305
10279
6895
5733
32315
783
36847
4445
14298
49882
11775
18928
32893
7240
2407
22026
24583
11008
41083
17015
8984
2623
2323
10062
33019
1645
18283
30794
27184
41072
33374
28186
13156
15688
28968
2
26476
49765
14299
42709
11539
49578
25602
18778
1984
13979
9712
29343
21413
43078
45400
14739
23406
13397
49374
4199
40580
4312
11622
40305
48849
24777
5993
27817
41130
48820
27581
5429
41529
5471
5006
33482
40600
23342
47460
312
19036
18873
43389
23714
9260
5141
4804
32665
18537
4177
3215
25468
24841
31188
23689
22316
38116
17857
13445
3288
11789
35225
11168
17259
6583
44649
7859
46276
42108
24522
15311
27332
34262
39024
2943
39402
43828
1959
24290
14356
5173
16109
39196
2712
48233
12885
25027
2700
47093
4824
22339
8882
40048
33506
42492
46630
28154
16702
42905
36614
41223
30297
25485
13591
33240
23770
35198
21880
38126
6723
37988
43673
9434
2572
22909
34461
21624
20002
39284
43962
45235
45683
43820
37726
42313
38325
4428
1569
24938
45650
26136
21587
37486
6079
4826
35076
29848
40023
6955
34325
46745
11294
27998
6179
30218
906
6991
1841
37259
46274
12154
32493
8308
5973
20219
620
44298
24646
18541
36647
44676
7173
40485
17106
11998
25560
46954
18373
48866
31278
15117
26511
25627
37647
6728
26533
44637
8568
30143
7262
20722
12636
15570
26694
32854
32541
37343
23851
1081
22930
26849
12109
17333
29214
8452
9244
42519
26824
24461
23797
41940
972
15775
45939
7699
42307
40575
32619
38802
47837
3340
1437
29758
46385
642
12298
33728
40844
29731
23009
17692
1377
37404
27913
26972
29923
4736
1433
20071
13028
18756
35845
8966
26454
44504
15892
9072
33305
13728
28763
1093
9837
41500
1734
22135
1865
14587
26620
10055
34048
27996
47458
4968
27380
33048
22752
47450
46075
41507
49647
21392
34312
44150
37284
9736
43806
17363
38498
44898
46349
46631
49334
37927
5559
17550
2513
32178
27604
2913
26526
25061
31225
47845
18793
14272
20596
32594
26699
28454
32240
14442
12765
42741
1725
38852
36546
43702
31443
12639
40050
28073
28324
27977
33631
45873
46841
32161
39828
16105
8686
47329
6530
32
27953
43477
32626
4651
38282
14865
35444
1046
7606
37169
44151
22608
49951
25594
1598
40000
20018
29921
17976
20001
42145
31169
2161
31972
47273
27198
13211
10954
79
13243
38906
9907
45868
9908
48188
27084
45351
15585
34689
32519
21834
45192
21478
21784
37137
23075
11784
23506
19347
46111
43506
11491
43631
12018
43462
40904
5567
6673
1857
19915
7114
31903
32134
17021
30090
9217
12371
45675
10258
11242
17508
5449
32719
5644
8937
22146
17427
32442
7844
19335
23520
4317
29148
30775
9884
2172
48983
31880
38438
6096
13783
20571
23116
43872
46140
1838
5898
6397
13079
39758
28197
12150
45401
37133
647
29179
19574
8490
9067
44176
48938
16190
39676
46064
42425
41847
45046
40656
46637
17493
33559
6960
31014
29698
8798
36911
2446
38228
26668
30642
16729
22068
17774
17375
1246
37348
42217
26665
15572
36392
48113
26067
38018
6889
34266
33063
47545
47254
556
18334
30812
23867
49347
26862
32664
2610
29307
37244
45629
9949
3972
17697
44074
21347
35294
47773
13563
28310
13345
20264
27809
8725
8281
34698
9342
7695
32242
6595
24602
16927
3758
48469
46971
47484
1587
42630
47215
2578
38699
31263
13003
26397
32909
10776
6311
11218
40472
22616
47833
18280
47692
6113
2977
7033
13808
1570
13627
38409
34849
33737
3229
17474
30707
713
35412
23336
35439
42265
13889
5268
16885
32395
23195
24366
22866
45811
22199
7497
9854
28311
10474
16887
8470
28395
46865
13231
30601
16459
47068
27660
17171
32479
17347
15105
9612
9450
45345
31231
26335
42141
29977
15881
16506
19194
28043
38704
26690
37897
33367
3515
4783
8188
31910
1647
21418
11504
48600
4229
24924
42611
37751
7402
9957
6712
38858
19568
34202
17150
8848
42694
47126
41080
25552
16319
19123
14255
9361
7019
13973
12875
28153
22161
11136
46151
9930
38992
44750
14158
13915
37360
1909
37668
13669
24972
33236
7485
27079
16738
32684
36125
30215
23764
11676
46534
42886
42282
22246
16256
6255
1472
44767
28960
40558
4696
17951
1660
35206
31865
5371
37114
19532
19039
12085
12409
19570
5840
35364
18605
41964
15578
42368
3639
28463
1605
45920
17060
17860
18526
18532
12267
29644
47491
19177
34340
31793
20836
35897
30009
42558
23010
11597
1446
28301
46575
37367
492
31938
5972
42455
13867
14691
12445
8682
16296
24716
25741
34155
43242
10624
12774
39237
8114
48302
23576
6258
35489
25824
36266
28046
48833
2158
5994
16631
46810
2568
3997
47301
857
9968
6107
14724
41011
18551
39757
7306
43266
15497
7812
2859
26121
20585
42096
586
35238
32023
23196
20726
7847
9461
48772
23031
11618
4765
39661
24779
7333
22079
24541
19977
28185
5616
10987
13087
45372
34644
6353
27221
42456
25563
19693
29392
20278
14630
16033
9825
35355
23879
19286
34126
47255
5243
2922
22034
28927
12931
10464
3467
49259
38649
9083
26598
18087
4454
11241
24439
31674
3696
16354
1366
49440
34011
37996
14069
16395
47820
49423
6625
33457
49901
19886
30712
5143
39159
19097
421
2089
29560
3887
1347
34560
12969
27944
2647
33775
5537
43437
31800
9232
9790
49518
8671
10153
3865
39091
42899
18036
4866
49524
1493
4766
35761
48556
26260
24919
34004
26680
43359
46918
44705
14475
26239
39001
33473
10013
10889
26909
8164
36472
3051
24033
11495
29555
27897
585
22453
45933
5450
21976
13777
26567
7736
28684
19178
49006
12687
12209
42364
9127
3421
7075
35365
42421
40547
11729
19661
33808
36244
6132
3210
10277
32764
4525
18211
5216
457
40012
43544
30585
16579
1279
25620
2108
285
38306
14317
9000
47259
39795
12420
20685
41511
4840
27584
3239
40852
11391
5834
46984
14600
16110
14609
47363
20635
49171
18930
37443
39183
12473
34380
22113
30104
9999
24220
46740
14657
4888
5739
11915
44682
18159
32599
36192
39350
10182
5782
30202
37924
27968
27185
18875
44077
8145
32589
31063
7316
1519
34858
46498
30343
35589
34962
26798
45587
9181
23537
26595
30421
45628
4861
25102
13786
3812
27646
19487
30345
49779
16040
18269
27746
9576
37143
17721
19732
19237
41388
37602
20446
37885
34296
6034
39198
11094
17973
48378
34630
44567
28798
49428
20252
26746
47897
33583
47675
12272
18203
41773
38200
21698
13595
5920
7781
49183
47307
45382
19629
1543
29677
42014
40740
40770
9986
5469
41752
619
38360
20332
37222
15106
39922
1470
27690
49144
6313
8059
7268
44512
29756
20862
431
37536
36397
14089
49269
22377
31983
28945
14390
39074
36067
40728
44543
44170
45280
11513
48881
31963
48734
13986
203
41675
11739
19797
22966
8851
49552
10179
25634
37087
6074
36355
35303
38057
31652
16045
27130
34070
6772
21672
44591
18403
33184
43471
365
48269
7457
22248
48471
15483
33986
14169
29822
3783
5025
19686
47312
30658
23125
10239
36731
9479
45541
41139
7482
7903
18356
6292
2493
36758
5828
45964
37122
4096
19772
25721
2567
1606
26059
33087
47780
29841
20220
15878
17531
49813
39002
44121
36543
14833
39662
27682
38666
17598
12302
46569
35954
18593
15413
39063
24420
27728
42537
44868
13851
18257
15457
10667
46872
13236
6859
17091
32391
22737
973
32203
11738
45094
35097
26570
1107
12778
15236
18704
25079
28156
21009
10024
43568
10072
795
37648
18960
45662
1498
37216
25799
47883
22670
46541
4741
6112
45283
43829
7085
27485
18530
12582
48488
19636
41711
4691
33142
8230
25700
43165
18150
2123
5797
21082
22325
7294
24649
48123
38883
20793
3492
9976
26904
48775
3804
340
25722
18869
5192
24210
4856
13255
4284
25899
46396
12514
17950
5912
30663
20072
32574
2811
41153
4898
26456
32153
3021
17055
21036
40165
20547
31011
17068
35673
1166
33760
28283
26888
18980
49827
1097
13081
5380
16086
25828
34245
34035
48091
31259
4106
30664
34069
11610
35562
10525
43762
4934
43931
31149
45098
30829
12159
28517
16501
28628
44784
6564
10962
7660
21443
24042
29391
37528
16221
37914
14311
11246
42019
44974
11667
3628
46887
38543
18172
32473
44890
29621
13302
23400
24490
3076
3117
40937
25991
724
1898
38518
42291
45745
42397
25732
30310
39173
3329
22328
34147
14995
47385
3537
22400
31909
2362
17289
11529
15663
7040
36018
11816
26468
39135
19105
2458
39858
37354
2460
28376
45997
48204
20772
4507
40287
1082
43680
39761
44178
8610
48420
7914
28498
20819
39822
30859
4459
17703
12873
11498
3720
24689
9206
10145
6775
15416
13850
25586
43791
9846
40141
30914
30705
30427
48347
40736
24041
4460
1265
49002
2879
9178
27500
23697
15352
8358
44507
33054
21231
22356
12271
12331
38767
2616
41736
37888
28814
31876
35153
9518
33500
16605
2694
37959
17869
1696
7189
43398
45547
47237
8749
3904
41743
8154
41486
14098
11279
3756
7122
23609
8874
6920
17706
11490
48655
5593
40303
46882
40745
16172
25535
40596
32776
28229
44906
2094
44041
41822
49330
19142
12077
7424
27295
21522
38573
40022
44995
28533
48896
1915
46238
10385
16921
18182
17039
30155
25279
33210
5689
15874
32337
269
10780
49332
12896
9724
4717
28555
28865
33146
2330
22512
3060
40203
11084
43081
5969
41976
3464
18558
18712
20384
36740
35750
538
35311
22579
44243
33999
22847
5022
33330
35743
599
43054
6811
45505
38270
47834
10781
9367
38037
18800
23234
44185
27127
26697
12742
45839
13432
15833
47940
30322
27850
49603
2900
38445
42098
43466
33283
44192
10416
26336
14605
23662
3754
25386
49381
41790
13602
18180
31375
7786
45306
24423
36879
7496
4206
5436
46913
21390
3778
35357
4990
12228
45175
38272
6419
5590
30959
23773
11510
45564
13787
31615
37301
13167
39756
17254
47698
21130
25039
43003
11904
28269
16851
30980
38638
636
44245
10027
20765
29601
31368
32992
24775
35992
5763
46717
16950
45887
8226
9673
32517
22839
29595
49770
20536
17076
41160
29891
28979
19429
46741
45087
16760
35378
12074
11004
11756
49191
6957
43123
32182
37944
44799
12416
33831
19376
7632
9855
25567
40149
32694
21513
39918
31078
49471
33918
16858
12563
45357
33617
14292
23782
44621
26047
22972
1577
35522
5154
16011
9449
10810
9631
30185
1034
19486
5752
41182
18531
27264
47451
38111
32204
28528
3934
16121
45385
32848
27829
45354
47140
1611
6326
39538
24582
24254
25059
29735
40264
6046
5536
1073
49447
15166
31258
16832
1003
3361
24365
19533
30624
21816
7644
11577
45300
28432
44424
23785
7915
24738
30110
47453
15672
4363
38863
11758
44626
44908
17293
45699
10707
48811
43308
27538
13020
1903
19346
43643
23718
26989
39174
6764
4917
34473
15692
23952
8979
39959
15042
39088
37411
30713
9802
26273
42470
37533
26115
16478
48239
24925
26137
25776
41089
39156
44030
10434
49150
34099
38323
40863
25042
39147
26057
40734
29451
1388
30692
44492
6827
34454
41556
16629
27078
377
37408
14610
42843
20237
29200
17767
46373
21328
8856
35528
15357
34677
15808
39415
23000
6670
14456
49078
21541
7948
16817
18584
18791
23644
19389
10346
6624
46467
27075
10383
27428
19917
30619
6628
4036
26991
44307
29243
12518
9663
14883
13546
20649
2897
48491
1457
31395
13921
22997
47089
7933
24485
20732
27321
1182
43707
40139
28256
4089
14525
34707
6898
18560
11697
1204
14154
40566
27218
45388
16037
23360
33882
4754
6841
10448
11243
31125
34932
48326
24798
36113
42033
14936
30721
15206
45245
47180
30156
25228
39658
44309
15794
16876
39696
36257
35915
22084
9616
36148
5928
30722
302
12769
41169
11544
42452
9869
35042
28564
18253
16330
9284
30726
31535
20880
44257
19990
1035
19484
9647
11695
26522
1391
28788
39826
13853
45754
15237
24874
43132
35118
44545
19352
20160
23108
37605
36489
48744
34682
18023
19623
28938
4364
20658
48421
14011
32352
50
6884
4286
35672
39920
34490
2025
45415
48547
47508
41678
12015
42052
11029
32174
31512
14985
35014
30255
49666
49877
28603
23752
36886
27024
37762
35590
43425
10998
2035
14062
13021
8306
14904
29979
10330
10318
28525
37227
7826
36554
49242
13934
47767
31388
28919
32781
27994
28584
2169
44223
7187
25920
31108
562
30034
33049
10338
41031
35084
4051
9741
381
32324
7297
31810
22890
6377
45743
20657
4117
24661
19789
32110
19597
21957
26332
26783
14228
23792
43696
10613
6840
20385
17995
8275
11135
38397
18016
33141
38777
38086
15464
34033
21964
32194
976
28340
27937
21632
32456
18949
41420
30918
38545
29728
7249
31679
10307
47392
41726
20920
4232
12110
38914
28858
39597
43663
13225
32439
17662
16472
29396
26515
48665
30371
4854
42953
18354
3662
11902
26125
34579
16798
22204
8179
14829
32510
5571
6554
19781
26154
18664
25047
5011
18709
18236
47348
1899
33970
31644
28413
48987
28366
49618
8291
13071
3279
36544
39195
37857
3342
11398
12388
34522
10260
17958
41075
30040
44111
26090
21438
49121
34349
40146
48048
7645
35957
49946
7966
28358
23304
12318
27976
31595
25388
47606
18138
30935
37831
8684
14202
22352
18943
32159
29779
15335
42621
5868
36772
6569
43270
41801
4616
17266
44109
41583
28060
49271
14887
6729
43598
46481
41204
29403
9370
23856
23381
3634
5067
14701
9502
41838
22793
16070
1459
14593
37037
25053
41598
26659
3113
40869
41545
26193
818
4377
42021
1698
20415
1390
36850
24853
41312
27058
13392
30691
28092
6544
11488
885
38965
29299
31829
26002
14374
6882
33951
41032
26346
24819
32576
18890
25637
3304
43551
34009
5002
30317
1751
8203
5169
43062
35260
19753
6454
32303
23051
34545
5198
891
1781
44163
30189
33610
36516
44562
6843
20466
1946
49540
11637
873
18429
3625
28331
3985
25530
8648
5735
33732
13816
15149
35344
33569
21602
33998
22971
22498
23861
40631
49709
20401
40592
36224
31315
23042
33260
13325
1030
34132
48105
21006
4660
26436
41342
1435
47077
30273
31602
28577
15616
31522
49613
20845
5159
46009
4868
31458
36600
7443
12772
16737
46836
46031
30061
47865
46514
44518
35222
1174
37305
26564
47714
38739
39992
27986
20340
18568
9953
18214
1449
25917
39058
31076
114
2836
2295
31571
5787
9737
10694
22524
6573
6724
18936
19590
13453
22363
37115
757
48926
34828
5847
5269
12814
42539
40188
22766
10752
41636
15035
49809
48462
46110
49922
17649
48404
31493
39788
24492
42186
28663
31064
15262
47598
18205
1203
40567
38317
44511
5844
23144
16710
27464
2309
9248
17651
41427
19999
25638
6461
40451
2570
8100
17325
33924
47887
41816
42462
42901
39232
24075
40498
23788
25277
14354
29945
45115
36549
3088
28176
14012
21749
37423
48014
13175
23651
35987
9931
14101
38556
46010
38552
22232
29934
2790
14047
38747
45690
19630
12821
2540
43417
38097
3143
24122
34393
27022
3832
42784
41033
25580
30206
5398
5106
3978
41092
13908
25853
45999
9918
14404
18230
6203
33546
48629
44949
29235
18258
24121
31774
28027
34917
2148
12961
49525
29170
16792
8661
42372
38866
8304
13829
9196
3703
4921
23103
45907
919
49372
19149
21926
43856
34129
16874
39442
18738
40994
37568
46764
19562
22484
48874
10785
15666
47020
13690
24389
2238
21993
38217
11433
42048
43137
887
37954
44056
259
14616
29556
22184
24823
30036
5410
14265
48773
12755
1832
11889
48669
40667
43504
47542
45378
20640
29559
8750
3947
42164
38771
14721
39657
19026
45707
6267
33642
41614
28451
24816
21649
212
39080
36774
29318
7263
44338
14281
24869
8232
26011
45508
37790
34760
41737
12098
18861
33900
17220
33581
35551
18959
47610
13143
2600
5575
7945
43767
43576
24508
49199
30349
20177
11714
14515
37094
36582
22746
13104
48441
10535
14215
44628
2271
26312
13489
2522
9883
13421
4425
16758
32379
18386
46252
1330
23960
4196
45097
17535
45055
44295
15232
17107
29746
20552
28881
18843
33655
45729
47869
38301
48000
40532
1789
16873
414
31561
37649
33524
13940
29775
31621
29994
323
43069
47528
3715
11763
26960
20822
23057
8251
41380
26615
3980
14915
18331
12484
33055
1555
29249
39204
44907
45237
42879
41582
25573
35948
39110
17224
30613
26835
21285
3669
20579
28272
47194
32251
47890
28460
581
26725
27867
2135
5974
42482
41338
3740
2927
43995
10860
19567
16321
6868
4931
33544
21181
7500
32676
41759
24966
5304
34373
39208
116
34953
32284
27982
3440
38257
36815
11129
23354
40554
30407
3523
41267
19619
2440
42838
7370
41131
46669
5486
20520
36773
22643
29479
7015
8544
8320
17322
2877
21930
39691
39239
46596
19646
45335
118
14953
18909
34850
7790
42332
20810
14468
20994
41329
18981
24119
13971
14811
32547
37338
49849
7442
12009
33522
40119
5451
16360
29357
17086
12955
15354
29424
42617
43724
14685
43819
17865
23666
36150
38674
46354
23465
31262
10325
38276
30160
14014
4476
37601
26022
37997
47918
43447
14277
11848
26884
43583
43554
5655
23006
49378
4042
33594
27708
38619
32192
5985
34973
5657
3598
10284
33757
25662
14759
37709
18035
19107
35626
34174
28905
16254
12373
5789
26188
5926
11443
49193
24800
10821
3235
10766
47294
19980
49385
25964
34357
35141
45913
12357
45424
26534
33729
22404
45640
35706
6577
24545
18311
35301
30333
44498
7579
41775
10043
32378
18947
13277
3516
29713
26922
23496
45449
6406
15811
46157
7899
8513
3322
12882
46208
41473
35285
27178
8213
45489
29427
6338
1091
37554
16380
33468
6500
46008
3336
2564
22929
14364
29335
8993
10520
37233
37068
19032
6906
31913
2636
46165
25409
10406
8005
35274
39833
14343
36364
27386
36184
237
26730
5871
19153
49658
49053
33516
8045
44036
45113
13067
6276
11332
25298
25263
36609
21427
20289
47015
29432
21914
3199
10126
8277
30584
40847
10812
30820
33928
16682
49972
33586
32086
49840
45281
40131
43875
44209
1595
23293
42
24222
34624
25339
49484
29504
28300
37262
16144
41666
33045
44864
43170
12685
41799
369
39849
38970
22882
5294
34233
5133
29514
49007
23722
13044
38651
23763
3617
39627
15453
3100
19130
10104
40361
1625
6033
32927
18717
4782
33295
8565
43752
17591
31447
49045
2766
20529
47688
19535
37761
27258
24537
11523
30874
14163
43328
325
49644
3431
7037
1268
21552
46794
7300
29721
42369
5669
29367
17285
13309
15083
31168
31484
17848
29171
32062
37582
16932
25671
12118
44806
22896
42633
4485
23220
42276
7916
9896
45819
33547
30353
39474
25915
2373
18841
9552
18144
32149
24634
49311
13632
17358
9155
40895
42438
16566
17057
3595
39461
9689
8080
29033
18316
32347
25641
28211
28165
35394
24868
4024
27242
43708
13575
11737
42208
38209
27400
22192
47042
44757
4288
49696
6487
20853
33104
10081
26666
9144
34512
22050
27459
47690
22022
11374
33083
131
36243
24302
4154
29836
34361
17729
7924
26569
22289
35323
35682
30080
12809
39969
46127
19295
27174
45727
3839
4725
30239
42240
48535
47096
39929
36908
39363
37038
11064
13665
41192
7251
48025
15174
40945
47560
497
6056
33241
46928
35216
23209
9406
382
16589
20572
26063
13179
12811
40949
10274
19091
27857
35095
24806
38470
22437
19760
2846
47708
34934
10143
45267
1782
16198
28507
48709
17766
18068
24466
4979
34801
29452
21567
5373
21866
34745
11371
19978
40670
12817
44783
21916
41679
49604
44352
11438
18801
12723
28943
37326
14504
11493
32185
29564
29258
252
4029
588
35052
49832
22155
6776
21697
23251
7663
34511
27640
41532
30142
38774
13447
21820
38377
7799
33257
7177
49858
12332
2472
3535
13964
35719
6399
9573
2322
26779
10160
37374
26611
48666
10501
48307
38269
18163
32817
45802
24349
35734
34575
4147
7553
39303
11945
7162
12832
19493
15303
31689
12679
45618
17407
35429
5190
19729
12208
31701
23454
38818
46719
33954
3476
34987
2645
40579
14270
26993
42665
48845
217
4499
9436
23730
17330
37589
32632
35629
38605
44601
3036
16142
39116
36240
47843
28921
41409
44561
12874
44885
45899
31342
47529
36477
45612
40873
29141
10808
38363
45710
15306
14150
35791
18091
45365
31619
3719
321
26220
23106
24353
42361
12221
26945
6555
41141
18353
1115
20367
29589
13365
1708
49842
13671
693
45334
24478
39056
7395
39784
19557
43186
4902
20389
41366
5222
46608
14471
45926
5321
43044
22870
11875
536
7575
29342
37163
42706
38962
18984
47676
3083
27979
33245
22640
37516
38367
26638
8769
8755
18003
30342
21715
48826
26268
27035
8221
49137
5261
8756
23063
34602
12362
26578
27308
1323
23561
36206
20306
37588
6790
30119
40671
1121
29715
29662
38636
18081
6299
13757
26836
40654
44098
48550
5831
20365
41936
14051
35854
47196
39158
8916
48150
35493
25457
19193
25405
28014
5851
12993
1156
2321
20015
18628
32036
49676
23615
22326
37371
43303
12979
31469
8204
35161
18185
139
15563
20390
13687
4721
29306
11836
22591
31150
3644
8136
22907
31657
30338
35899
49164
32658
22265
17791
14693
21940
41406
31161
44265
45128
24463
23596
42948
32667
25108
11133
49157
12843
11743
27179
41030
685
8329
44673
8820
42682
5509
33485
41845
38167
5749
25988
19211
44040
33745
371
4656
28872
41186
44603
23852
49304
39360
10381
30825
2203
38475
24356
43232
49036
4257
14331
46622
46938
19839
30106
5134
24357
2206
47473
12597
31217
10290
17252
26441
1475
11855
14612
47917
30267
31038
27443
49592
13123
1798
9175
2281
833
13431
16611
47454
26720
2802
43911
31854
27158
46116
45678
37077
43247
47367
42316
19687
15193
20522
650
23223
18438
30916
20612
43086
24710
20203
22560
26508
24840
27340
9160
7803
41146
2231
10604
35056
436
4113
47524
46114
41190
4908
31254
36452
1775
42399
26026
36564
39666
46001
14375
16839
40882
28920
9752
34574
38079
33906
25719
6661
44509
27126
7097
14973
6162
13588
8921
27421
44841
34318
13873
26716
39898
49531
32733
36535
45532
47107
19725
30443
37989
48644
40194
3074
24099
14632
26087
34959
8109
33183
49932
32758
2744
22445
46345
11664
49866
41185
12333
4152
5400
36339
3683
38132
39225
15566
1590
5930
40297
2554
44843
9723
43004
35809
44315
33935
18991
10598
33044
33042
29388
49749
36924
28433
45700
7428
184
32039
11110
4667
21263
43027
6256
46564
5386
12186
36861
24291
7028
46583
33647
49206
48743
27961
33140
17733
38558
16183
22170
37951
11922
3562
49261
22624
47651
85
37903
18914
43111
44158
48497
6343
35041
39139
29723
47975
22785
28928
745
12067
2970
6522
41239
29870
21718
24292
45482
44342
7528
43133
44426
45430
28398
3889
39588
18737
12282
11619
7875
42004
25945
30660
20931
39014
47756
49349
36166
19762
43949
5488
46070
16822
13078
25939
4892
37370
21420
44897
30904
26362
6679
25653
30250
12618
15338
24899
30201
39565
16903
6145
36576
37833
34331
37182
20444
47482
19515
16513
14304
32592
8803
35547
19961
1131
31210
43830
43844
4240
19483
40446
16857
21713
5783
41755
1913
45347
25009
24409
32605
16375
16298
19400
35812
2265
11067
46409
4716
23993
13891
35925
17823
7735
40164
48180
23372
25369
20314
15126
43633
32013
40135
30286
19328
36663
12890
2054
2960
48642
32261
5123
26772
23526
39532
44593
2317
3423
30517
11157
37032
40147
25688
10403
15515
41880
25499
28013
48366
9891
24651
17693
12906
37540
19746
32217
36181
2007
37340
3438
45130
27217
31762
34661
21809
430
4435
18677
36920
15591
22060
27066
7630
32462
8932
3631
40693
782
47995
39059
10672
38997
23577
26537
9201
29069
27559
9485
48859
22688
3053
30620
23700
24861
31049
28135
9889
17968
10077
31948
11385
17707
30761
36668
37689
21453
37449
26863
14472
49966
4401
33920
9166
26546
29340
2382
25763
5434
25169
15814
46646
6217
10300
6534
40536
36729
38481
18272
19241
8475
7045
8739
26861
33908
39563
34244
225
43963
34515
25742
20508
13855
28817
22889
8404
44674
33573
36744
41319
6141
13396
47852
13029
124
2684
47652
4558
21924
29384
45320
27681
6244
29227
17243
27557
21544
48064
5208
360
37304
29964
21290
29888
24386
39647
2380
37781
37498
15408
37904
40181
13060
8813
28456
32002
4548
40128
26034
27143
9629
33982
31509
25336
3052
1601
46895
19764
38904
43210
23097
48142
26879
25477
2274
30729
7236
6529
37261
31693
32069
35000
22196
11034
13383
7901
37014
13716
39409
24198
5403
25798
18650
44928
31054
11859
18684
18286
1308
16826
11516
26784
19099
8596
25628
45857
3370
7320
38369
9912
15754
39646
2767
19713
30133
26965
25116
38945
19114
43765
224
167
5623
18907
34804
6930
35732
12672
65
21183
21267
16788
13162
33475
20157
36833
27751
46744
44222
2741
34946
9749
22454
15078
36713
47569
20374
5827
7685
36949
22345
29659
5855
7149
36589
7939
19820
3005
29121
7438
36144
40913
22652
45466
35015
42210
29237
4511
30534
14259
33755
11963
17324
48688
39502
5359
35636
11846
35018
41490
18994
37958
5165
7314
44900
12603
9810
3533
32461
48999
38529
29989
7560
34117
34499
31002
15110
18968
42964
32433
16642
41651
38286
38353
27286
39722
18776
35477
44031
34555
40641
1344
29455
19595
11153
32987
43614
31985
39954
5896
44810
40805
24757
25812
22266
18775
4698
26717
10426
9335
15069
4063
9465
4790
39190
11293
23745
1934
16516
19551
37880
44020
18889
27341
17226
21682
43939
32843
1095
47877
8654
7952
27429
44409
34669
3743
24620
13207
20879
13810
24500
19698
3906
2565
39808
47016
46585
8696
569
25921
12389
10859
15394
45232
11953
13270
35312
21222
14017
29720
22242
33462
21978
9194
42856
39355
3872
28906
13008
47822
49419
10023
44406
731
11327
16739
29471
38537
32132
24702
490
11291
2153
32974
25307
48225
9881
48038
43545
19074
11058
2752
24780
31281
48009
34391
44288
12183
33809
20663
22940
8274
21393
25012
863
22803
23495
41917
39644
35248
19559
41796
44865
40020
6140
4745
38058
49684
40170
15467
18787
14949
13100
33148
49339
7387
45330
49499
44401
24125
32145
18887
15488
49360
8041
38983
7628
47684
24230
27186
8802
45851
14941
43147
260
30976
33316
32078
16115
14617
45177
15614
30307
18916
10943
46158
13316
45563
20282
11813
14449
2121
11172
38841
41103
18799
36524
31684
45984
8707
40486
20909
21778
27531
21168
19106
27199
1572
41815
14774
17185
38473
41
28127
29708
40041
4911
41520
20842
7032
2691
9682
14486
37841
12558
176
21264
3007
34561
42172
41136
12091
29691
10241
5641
49287
11812
47455
30412
45348
35928
30452
23474
36909
13515
41820
18031
708
15203
37074
10389
46040
41266
22946
42209
41442
10561
11567
19084
2703
4444
48774
29295
10085
48061
23891
44824
2806
26170
41628
42632
18139
2521
23205
39594
33593
48843
30860
22891
7404
22301
49803
18970
14654
35449
17660
17319
11885
32072
35776
26896
27582
28297
34875
20213
7727
3013
42710
28976
5533
32266
48131
32211
46974
42338
5101
20729
30990
21255
39698
11995
27722
47443
24153
45040
9328
6224
36168
11455
30101
39751
34345
16666
13830
3709
25727
9157
9242
7993
7288
20720
20613
29409
11655
41341
26750
47390
5096
23050
25111
2538
13554
36502
28217
36129
6023
35600
19122
12126
36296
35787
25955
6357
35111
31950
19505
42398
2669
9707
29362
48429
21361
20702
41530
4270
34444
46625
43671
15514
12408
10083
43352
1428
45303
20549
28230
47951
6335
5647
36256
37352
14396
5276
13411
10110
20056
34771
30811
5392
15254
24561
15414
6426
38989
19919
16508
48693
21346
32613
10347
41895
27194
14082
28955
32428
31562
475
49542
10584
39596
664
7747
17532
22408
39352
42092
37821
46863
48518
43162
16781
15025
8206
38127
13989
18552
7535
43201
10953
21616
38507
36421
29512
24521
39609
45405
29205
25555
46736
18475
5180
22648
28121
20049
15809
11253
1425
24014
49379
8917
12103
39300
23056
27267
6976
32788
1313
43396
28651
42185
33004
24055
43641
28560
36474
41648
4949
46827
27596
44925
16875
9756
6177
18299
121
21908
9037
362
5715
11154
23417
32981
18129
22556
645
11524
17558
42830
10879
7964
36470
5791
44438
22017
47438
15738
10616
9685
97
43842
19440
22625
28492
19560
44532
28556
28596
44894
622
6101
34662
49955
24229
23570
2104
41127
43428
49091
46250
35125
9880
18266
32562
25617
39790
43177
39886
21092
31861
40651
23394
35598
34639
27390
41699
35652
27344
32279
9221
27942
735
348
21370
30069
15790
17619
25669
2236
14106
17637
42025
23634
2937
48262
27003
24028
27123
8863
31030
516
35631
32979
1506
29372
24677
37158
6715
23308
46378
1008
40394
13077
20462
45218
6347
2006
37238
24934
32463
4874
33310
24162
49450
48189
25046
8312
45570
41913
28549
43419
39665
19577
30576
12731
9236
43305
13739
49629
22734
2467
36442
8814
38447
99
26414
33409
43356
576
31331
42805
15116
6376
17469
27038
48289
44114
5586
41707
33779
41514
38634
46509
750
48290
26599
378
21023
29066
36820
5326
4231
41618
26866
4329
28879
19631
37737
22234
36558
35420
31391
1674
41795
15211
28711
6435
9324
648
48141
9454
42161
3126
22315
9262
1416
48913
9640
38790
27978
44115
32208
37332
2889
23315
40625
38244
9872
42396
19634
34191
1196
6607
10519
23606
5118
36325
32119
24595
8639
42362
7551
31152
1881
30181
440
961
3328
618
2264
43953
38861
28487
36348
8494
6384
36890
26041
43867
36560
2948
15336
22884
35066
39930
47874
26445
5424
43816
29795
23656
23996
24096
16713
25574
35328
37727
14434
13815
40427
39280
36550
27316
31672
15891
37534
34583
18838
2869
20255
9151
21691
13052
7794
27115
6867
3940
47214
41703
41217
24768
18640
14095
10095
6366
44880
40261
13144
511
40460
32183
9053
44345
16765
44242
13566
40583
14497
22716
12273
27548
46861
766
17152
22861
47979
8854
14077
36500
33621
49068
594
10068
21786
11826
16680
34929
12336
9842
41740
35246
36085
27635
29487
49650
18217
10335
38717
4234
1929
2580
21351
19080
41792
19330
44285
22220
5829
44258
21288
22775
4325
43073
34600
37356
44353
13287
13549
36093
7805
48794
22177
1791
44633
38178
36359
26894
33199
25553
45174
2130
14253
10273
32584
24889
19146
43891
23470
13204
28490
7556
41776
40726
10000
15932
5872
32176
34074
504
36705
20432
38174
13598
19983
13726
8771
43333
39375
32385
25916
14264
31229
47032
1360
40922
23231
30915
35763
408
14822
9822
13356
46997
10248
30211
30679
18385
13651
661
39125
41794
44500
37861
34062
25115
19089
47445
24876
20448
48106
1362
40481
6183
34371
38701
21004
10545
18409
34353
20792
14971
34406
33355
14408
18483
48169
7607
6314
14033
11819
6727
30907
4172
14022
42538
28479
35419
33018
9695
7953
33741
48396
45309
16804
46013
15076
30418
16545
31481
11177
1379
30710
25337
18666
37155
25393
240
34413
30614
18470
38453
25444
3888
37822
35139
28193
21562
49886
23501
15846
33041
19513
31166
16282
30170
12646
43810
31548
24998
24519
6885
43664
35612
44039
35408
2204
44804
49169
13273
19775
24612
33513
26102
11705
25987
1557
11355
9027
37421
8628
40193
3702
5149
19190
13863
36696
10540
4734
43580
20555
3971
5962
8900
20932
40706
49032
14653
25133
39966
10162
17472
41522
37869
42850
28942
12848
49394
48995
17996
34936
12858
45475
14623
16029
24287
34945
38342
70
9273
23958
28467
39341
47334
30826
46694
4568
11716
7498
33509
40915
6892
32504
8910
11713
29952
3653
45655
10926
36033
36293
12222
24374
35831
12291
49998
26141
7110
32679
15481
13838
30012
46306
26883
3859
15574
18452
31311
22840
41695
30166
31749
49873
41878
28053
3525
3884
5330
5909
40176
17552
30282
42359
29842
18499
3303
29309
33979
17140
9320
10375
29531
23942
8176
11456
42393
39486
439
19651
32396
311
11528
26800
20187
15411
32130
26095
21939
49681
22728
14297
45874
19358
32795
49177
33125
32668
24338
29761
43042
3868
20055
1218
15323
28799
7055
29238
26706
29548
4585
25165
49735
42181
8286
23326
14909
19200
21728
18376
49284
4852
17395
23621
965
10437
27488
21019
28006
9162
49817
35060
25132
45406
11765
23497
24954
32702
48661
41040
19049
22307
49572
27334
45632
14480
16267
14831
48746
37994
49558
14381
9197
16953
38001
10161
43741
47531
38098
13700
23157
16132
9105
1274
5980
410
327
20993
7801
19375
43299
7373
38930
21852
29326
20113
33671
19670
1329
42867
2974
5681
19380
46714
37520
33262
1163
44873
46961
40672
27356
22418
41945
33336
39179
42271
4328
46980
27997
47626
4352
41056
36555
42555
20381
6667
45856
20403
42689
13536
19217
49000
8728
6736
48614
9890
1608
11926
561
28964
34343
8857
23522
17479
32978
36853
46955
49861
110
39614
22880
45965
10016
31920
39637
43933
45069
4988
2660
18156
3601
28902
15527
45814
15079
6094
4853
9410
42946
6364
501
19561
22576
611
45455
12927
27374
38779
25178
21307
199
40318
18355
33766
4470
15644
31385
19548
18759
45980
23611
5389
47256
40290
11752
26203
34327
14718
35377
46134
43997
20918
23507
49127
46096
11165
49326
42613
1483
34032
42730
37053
38501
8374
24400
6590
19899
20379
10899
43510
25767
151
22262
42705
3331
44433
681
47327
15351
40540
12806
27798
1704
28483
36762
19538
29491
6591
1014
4216
7731
25413
10805
27630
12143
38056
37491
4261
3993
8130
34822
46698
12677
38153
29710
22832
20249
14636
16981
38304
43118
3742
7842
5631
49585
30784
22996
3800
38514
14760
30957
32495
26902
19012
19985
47514
47924
40330
5643
32746
3379
34672
37250
44508
33692
981
20068
672
20766
47125
1520
20350
27908
24515
40501
32774
5627
21457
15268
48880
46394
4744
2036
3841
3059
41090
22523
33791
46521
6214
32940
23238
40407
12477
10355
37531
13996
30704
31791
4862
21204
10488
9013
46183
9368
15832
14139
5761
36927
22424
24148
40767
34087
27207
48208
6610
27349
11081
12120
18764
2526
22848
29118
6408
3195
9821
4550
35465
34896
6389
10615
38572
32727
914
23227
32617
1352
433
24313
44133
8257
19840
6252
38603
25129
31537
11022
43893
2438
35430
41269
20326
14009
2254
47292
2581
30743
30019
31656
3245
27047
24223
23672
14161
43511
36765
48466
11893
8934
16186
9781
19955
10078
12219
5385
17699
16473
42062
31707
18726
39353
34287
49468
35723
47476
5319
22116
46835
46338
36858
22212
45169
46721
8976
46275
45186
37220
27723
13353
25162
37800
25571
46898
5498
8395
38959
3557
27120
44664
4195
42939
46738
49264
40414
37731
3600
10107
34068
40458
48670
3530
23997
41862
15067
11217
47069
42789
40921
38583
46940
35480
41237
22346
35454
26540
48543
25803
18060
13533
21659
43410
13953
28468
42079
9540
31997
16076
1402
47063
43644
34564
3404
17406
21932
8642
46026
43349
31479
20816
30021
12971
5405
46972
42855
27064
40381
6807
32699
20232
14886
452
33646
8529
15273
9444
35029
42991
31274
36289
25550
45190
34119
12717
32536
30491
25687
37940
27462
18542
31355
34194
41700
3238
49357
24398
39821
14242
41201
23466
39123
22826
29666
48566
24206
22656
41767
14469
20281
43608
17109
12182
38798
21333
48069
25624
41883
1830
6979
42428
43530
26568
41784
34279
32740
6026
41832
6205
11500
35871
26417
38862
24878
18183
19682
45159
11791
3142
23692
48590
35140
30247
37225
19450
43589
30144
11233
27868
12883
36051
11461
707
37662
37878
39568
6060
25601
24049
17850
28742
47741
15813
12682
39412
952
44560
19659
27974
28268
23235
13775
38208
41359
32427
24969
18477
34404
2781
19183
22065
40658
34604
46718
702
25004
30919
45795
39096
15708
11607
1778
5119
12559
12689
48012
4306
45516
17742
12016
16706
46419
1110
6117
31953
23174
46774
24129
9843
24108
15485
40762
19903
22821
47861
22709
27939
10419
1750
19068
17302
9057
33431
20924
1172
49975
34229
3310
11636
35338
9426
9940
24864
22552
33346
15344
32394
7454
39507
18112
12327
7920
40820
40266
18339
25685
1992
17978
9115
39951
38901
39925
4118
10866
9586
32105
12556
42045
3771
25390
35466
40308
49195
32646
29815
9254
8493
17174
7928
1864
16849
40794
3855
1178
16260
10157
6430
42897
16433
10548
20115
26019
9004
49022
11382
1048
19144
19296
42790
20961
8336
3606
22121
17590
37066
44994
28194
36517
23184
2776
49693
2152
12025
16125
29051
38055
47512
19876
5454
33007
39171
48243
3967
31478
6579
23925
40520
10990
34211
41634
22335
27315
16880
32802
16850
12602
35577
16542
31106
12443
41161
14562
26306
11037
20016
9312
16559
34610
13279
48036
41188
3555
1634
14544
35844
39692
33358
14930
208
32712
16859
16749
30169
15767
6676
43254
6928
21238
35911
7605
45223
874
42214
49754
28407
16895
47812
9302
3856
46180
1219
37213
16148
37420
15353
33006
20521
45521
36287
18548
39774
9566
39785
25684
43881
37258
11107
26368
9614
19871
32522
28703
23726
45053
10939
27694
12421
14710
43046
11778
35230
4918
41946
21517
48071
47434
29602
23755
41315
27364
18773
32001
45140
4060
29045
4753
40282
11566
33455
30360
6619
7650
8500
22359
43710
20277
7589
48627
28575
45457
38444
26645
42890
18046
16751
27740
9740
49940
14467
30151
45336
36784
6902
17143
13520
24792
47831
39956
47151
41540
10232
21091
6519
5158
32899
44962
48155
42140
13007
31257
9048
25371
28375
33189
41662
36998
44764
16475
10251
46493
27949
24761
37952
17904
21911
45844
44488
9353
49645
8603
13675
47799
17094
43034
29056
49672
28792
32141
24824
45836
42391
37669
45805
32512
15617
20565
20463
33521
8827
28008
18179
1371
27652
15046
41803
10226
8079
37210
36367
24339
7234
24232
19482
37294
19946
1622
28469
15781
44012
16137
42875
31754
48501
13338
15274
7327
45995
9633
47366
34989
45438
3193
14285
27753
23338
21518
18337
25163
4634
10793
36766
19768
14703
47679
17873
13203
27368
49498
20530
39714
9130
12386
13727
32193
25293
35385
7201
5929
29490
46890
27446
14178
39709
18811
5576
21656
8709
35686
26581
33481
29405
26078
20362
19119
1559
32747
14324
12825
37446
38878
4469
22830
46078
10397
18671
4194
49200
15380
23153
18010
15880
12095
39938
20803
5925
13736
10047
1681
6165
46760
20799
7724
45859
26052
22047
8683
13497
10924
13152
2678
23353
39900
32672
10446
20548
48051
33598
4910
45692
11199
521
32847
37765
46582
24477
2746
10923
11628
10469
6781
37679
48867
1175
44967
3852
49495
34866
41552
45311
28452
12921
45261
49713
7304
10911
40150
32870
12838
23699
39477
23761
35326
16297
30541
39356
15164
12356
40530
41305
7322
10733
40799
8540
18637
39317
20202
13440
18589
31814
28142
39118
24062
38216
29267
37437
32350
1926
27487
21826
42038
12812
38122
2167
19637
1286
10942
24959
36133
1740
49850
4769
7408
36404
18208
25996
47711
4138
7334
38124
8705
2953
27211
12493
35302
45488
39980
23479
3877
2791
27952
21310
47589
10444
30357
8530
32841
26621
1604
37609
38007
22168
42728
6223
19878
13217
29909
8001
21921
32861
1564
18162
13403
41640
17280
9887
19591
10086
31196
33531
36881
27905
10745
35033
40237
35413
44595
36873
7709
29629
29938
49018
30394
14451
21138
22442
29700
8384
6137
28572
41915
43017
22828
326
48002
49925
35358
38239
32833
17854
31614
39322
47079
4763
27016
20132
32048
7818
48904
19537
30259
44955
16913
38643
11837
30557
10459
34664
47234
8461
940
48944
13051
31921
36065
12235
49775
34030
28589
23434
39703
25667
44548
41357
19035
14680
23404
26852
13583
42940
23463
8538
26205
12105
25980
38041
6246
27603
39996
7005
38268
19239
38042
7987
47827
27828
14042
39846
22375
21750
8880
45153
2083
16989
25545
47000
4001
34209
35040
13013
36999
40448
35611
30953
7151
37957
35062
23548
39456
5447
17283
35840
27571
43063
4885
26403
23536
46781
2488
21927
13794
5839
12374
15756
36791
9168
24748
10582
20366
14647
37
2372
28003
29943
23327
35591
32744
32741
9143
44571
761
27422
1542
46262
3384
31687
2100
38890
7629
36701
18210
23418
44635
18246
15582
47007
1916
43584
43301
45527
26044
40687
16561
46376
49830
27483
13488
43603
8940
15029
6216
12324
8315
10509
13557
18413
13561
36623
4532
21220
2560
17890
39488
12495
11190
24373
3585
38120
49960
4301
34768
14256
44827
20471
22383
7894
28786
33167
34754
8694
1579
48315
18590
42125
20556
47964
49402
2199
23775
22136
49868
31060
22095
4169
15827
1894
34776
25886
13072
5246
48268
20965
383
47786
22071
9076
15717
36737
27666
36621
38381
17138
28745
8936
43060
8337
43050
38456
48463
15185
4676
3632
25196
11701
9971
3938
18596
15216
5913
31951
16343
27983
41026
32059
14719
35043
35032
19451
18533
44738
43032
23188
19426
36081
27995
17889
1266
32670
13762
21249
7865
26773
17835
12104
11720
49403
30661
17632
31353
47003
11966
38730
45414
43036
30445
8657
10572
23575
1688
111
43001
4120
28106
27241
21737
10775
7354
49168
36109
2826
11271
47829
2228
8283
31812
5285
10130
38662
17050
3165
13846
32003
37442
21929
5481
40880
14929
9600
18985
8521
47689
46112
15875
40673
31103
43134
42664
40962
2508
946
2439
15606
41100
5984
18771
36237
17125
23678
26950
39053
34182
20334
21462
3166
28854
19150
49277
44728
26174
46731
19307
30659
35136
2433
1956
25015
31350
9408
47350
11996
33530
2026
26832
5353
47535
11013
25686
18996
20891
4497
29807
15619
30671
8091
49977
23547
43227
26597
23064
45659
8693
41372
37025
6394
17131
726
39218
29126
34256
39165
31151
11087
44517
45038
38451
7445
48786
15552
13857
31573
20989
19094
49872
28712
22470
6266
45842
45483
23803
999
38822
1241
11868
33859
14243
8670
22217
49124
23808
31027
31834
41840
12907
13406
4086
746
34367
3958
29457
23189
26575
41650
12736
22057
32969
36538
39407
38142
4130
38352
10172
16047
2594
4615
18070
32598
15448
40833
40789
44706
20591
6062
48792
21336
19101
793
29969
42442
42704
34083
41762
45593
23489
29903
49722
24763
18254
9893
7161
37200
45085
21621
4085
44372
11269
35160
31859
7574
46917
19547
20339
10674
11691
3377
45773
20894
15321
19261
17148
41286
33887
38953
36370
10573
6806
6385
47640
18075
7897
45765
16285
15470
42681
46175
8697
22521
6848
20387
10224
32511
38898
18124
6937
24150
14574
12385
13102
17295
40026
24101
30782
4018
8527
41163
36851
42463
33025
17511
15866
39872
4250
33870
16447
36760
39119
8342
4883
49733
2017
46203
31471
13498
2866
21496
3950
49999
41865
12476
21381
41647
8231
461
13335
41256
34323
29201
31127
29422
13926
41684
34893
12918
12760
3897
12650
14776
16451
41118
46246
29948
34094
249
26686
42310
29076
48066
308
49066
6296
768
12400
47551
1443
45030
40014
3726
8955
48049
38618
47573
10967
17821
23616
16152
34272
31086
28750
30571
7772
29195
34457
9895
38164
25312
5170
5283
37712
19072
6725
13091
11139
20709
36980
22105
22085
21152
12073
4589
5423
9510
49690
2346
17281
45236
33165
18090
33091
9411
16963
21254
34723
38484
38786
33261
38008
46351
49244
7490
19952
47098
45946
8389
18249
24370
29329
40024
33879
29018
1160
24253
41885
35601
7343
17647
2563
28597
2369
7399
21485
7506
31306
19313
17448
40253
29431
41289
26528
37234
1296
11604
1152
11834
9641
43520
1756
14945
23940
19402
33860
2536
38123
40372
11980
22563
45116
2989
8227
9593
37658
2501
30537
7437
3796
41665
35392
772
47225
26764
27009
20794
7866
948
6548
41725
44670
32982
10206
6649
21896
21673
25990
30123
4434
31020
44578
39037
46321
41705
9898
18468
36467
45476
38036
44332
12775
44583
2409
48961
5604
35390
25518
28605
23638
47191
20946
20112
47778
22879
20595
34919
43665
1614
29497
40650
25817
9950
5206
35714
44769
22448
38532
40245
49216
19371
37770
1624
18332
43373
3365
10201
38329
27002
7391
9274
47113
21520
6439
2287
10414
42674
44455
36715
47879
31483
13513
7450
1282
18594
42133
11006
21959
49335
15312
26076
8608
28777
47595
7112
12835
49280
14859
39023
9693
7533
33478
46407
5411
29998
42089
31401
32320
5601
32020
6121
34239
38923
33290
20587
9365
8533
15715
23311
31996
10048
31276
43408
49070
40968
17292
48899
3727
22702
47968
10297
46639
36742
8668
19112
9975
25632
33716
44214
14555
17005
10490
42721
19022
17207
32384
1018
12107
42431
48645
7852
39612
39157
6751
9690
1998
24009
9352
28646
20648
46094
39759
22420
12945
32985
43851
23183
43475
45343
15903
28901
14638
46217
7359
7068
44861
45577
31272
825
4374
10514
6371
4999
35017
17444
22329
27632
39863
17457
39200
40639
32674
7169
22894
27873
2421
24090
26132
10951
18950
21708
8574
19774
22792
30288
18439
19317
31162
39789
2683
7232
9366
30314
13446
14122
22817
4761
1670
29985
44006
29543
32406
31536
8537
8838
22581
17411
35739
5346
16026
36507
10317
3062
5541
17548
12427
30994
39769
16327
33638
12585
37439
35308
42569
31444
31202
41326
29332
34833
16214
4521
23765
32471
14900
4168
35428
7026
4079
12566
13292
32857
31123
10637
10627
35209
34888
12286
44130
43487
1807
28367
28319
18021
32887
47181
21170
12080
39810
5073
40826
43252
44904
41016
22895
27761
38491
33532
385
35940
37179
22795
36214
16281
14233
14580
44599
32253
13819
29434
34988
30290
24797
35363
5372
15623
30165
14975
26878
37532
37870
20990
37753
39672
15492
21056
2098
18057
37336
32682
32637
48286
14935
12807
10720
41608
38943
43322
4565
23486
21634
27369
9503
18784
3391
13607
6510
31703
12533
32923
30982
31603
36610
13663
30591
34895
43397
12565
22020
20524
6956
30132
13845
13615
3682
15194
31050
11103
329
792
24709
6838
2929
35722
16703
27642
22461
23707
36271
13685
9170
6794
36992
5653
36990
606
23053
7023
38246
13308
38574
4368
37710
7296
102
9499
30538
27743
48311
27254
35975
18919
3954
24640
48956
31433
35947
35128
34775
2905
8180
8149
5110
12777
34769
1350
34141
39136
29464
21850
46432
26947
38303
16046
20592
1089
2020
42608
20008
17247
35315
1800
15032
21261
16158
24165
45106
24306
45626
7882
3231
25583
19530
21398
25572
32313
48344
13875
4594
22179
29920
25185
39619
48291
34144
25978
20615
17743
11292
22414
49126
32553
25692
23069
37149
35047
15440
36964
46540
1321
33633
35986
38226
11586
32257
29762
1205
30547
13906
27182
17513
31648
6279
30773
3730
12407
43150
18346
28196
30500
27516
43636
44956
8528
46166
44941
47936
48503
9521
30759
29280
27077
27657
9537
20611
45170
41184
25436
17800
38308
29165
714
22314
1591
35411
16862
48443
12926
10497
32258
36981
21804
7137
33096
5072
14353
30945
45111
39120
44983
641
36770
18440
33623
32286
688
20952
36151
36098
37813
34593
15376
14661
33202
2356
2816
6690
35912
11762
32557
18525
9058
46769
33430
33139
34549
44765
29864
47886
2218
29838
30172
46877
21639
48349
2651
6128
17056
5466
12818
35261
7729
40931
34169
42605
49988
28188
5725
33417
27678
44533
36488
42419
30025
32677
38942
49506
29553
5136
28063
27227
47056
34190
10635
12247
26602
37937
12767
19206
4276
40955
24931
4045
18632
31555
48577
46440
34395
7347
42816
17071
46288
42321
46624
35407
13809
25502
29812
41871
43219
26060
46066
12092
39419
38693
27355
37431
24250
31631
28385
15532
35675
13368
47087
603
26159
7950
18975
14903
20589
27647
5996
41455
2159
33325
38811
25737
1228
23821
15155
25892
8861
13322
3114
41706
18646
8869
21425
32084
9472
29916
33773
32910
44818
4361
10556
22696
26708
18363
42426
45219
1687
47588
48816
14416
8929
24707
43280
38028
12745
24632
46085
47742
33501
33861
29825
42972
47796
43096
47057
23965
43605
40516
42327
36030
10365
49970
37788
48785
23448
13068
23491
33079
30857
27870
45823
5489
40306
43565
5341
24166
39741
14664
21962
49481
7759
35370
21566
9334
30346
30518
16344
23198
16164
31480
12997
29231
26440
8250
48280
39496
18166
3620
13662
7906
1975
23738
37344
44127
13958
46678
24472
14689
7199
26713
39894
28810
9228
21374
41806
38459
42695
4233
14898
8238
28834
13177
47733
46999
21256
1430
46072
49768
5472
24131
12797
46296
32873
3494
22133
20550
9739
942
29777
47464
9099
18235
6511
13331
31100
29012
28832
5514
26770
29940
35353
21763
40113
35120
27234
14244
47916
23529
47116
25401
43374
45950
19465
36541
25726
10313
26148
20889
33838
21512
16073
39351
22
